4294967279,359
4294967278,320
4294967278,353
4294967279,358
4294967278,435
4294967278,310
4294967279,320
4294967279,377
4294967278,432
4294967279,536
4294967279,572
4294967294,458
4294967294,461
4294967294,454
4294967278,307
4294967278,328
4294967279,374
4294967279,345
4294967294,909
4294967294,828
4294967278,137
4294967279,524
4294967279,523
4294967278,336
4294967278,172
4294967278,383
4294967279,352
4294967279,547
4294967278,355
4294967278,170
4294967279,546
4294967278,352
4294967279,371
4294967279,560
4294967278,349
4294967278,350
4294967279,372
4294967279,522
4294967279,357
4294967279,513
4294967279,515
4294967294,438
4294967294,184
4294967278,160
4294967279,157
4294967294,831
4294967294,169
4294967294,827
4294967294,385
4294967278,156
4294967278,346
4294967279,153
4294967279,557
4294967279,356
4294967278,150
4294967279,148
4294967279,147
4294967294,416
4294967294,173
4294967294,163
4294967294,456
4294967294,186
4294967294,464
4294967294,115
4294967279,146
4294967279,340
4294967279,145
4294967278,144
4294967279,142
4294967279,521
4294967279,139
4294967279,318
4294967278,274
4294967279,136
4294967279,135
4294967278,134
4294967279,270
4294967279,265
4294967279,264
4294967278,267
4294967278,266
4294967278,381
4294967279,250
4294967278,405
4294967278,251
4294967279,243
1141,6
1141,5
1141,4
1141,3
1141,2
1141,1
1141,0
4294967278,318
4294967278,314
4294967279,537
4294967279,238
1140,5
1140,4
1140,3
1140,2
1140,1
1140,0
4294967278,254
4294967278,419
4294967279,272
4294967279,565
4294967278,369
1139,6
1139,5
1139,4
1139,3
1139,2
1139,1
1139,0
4294967278,223
4294967294,897
4294967294,829
4294967278,281
4294967278,361
4294967279,288
4294967279,204
1138,5
1138,4
1138,3
1138,2
1138,1
1138,0
4294967279,325
4294967278,206
4294967279,520
4294967279,322
4294967279,519
4294967278,368
4294967278,195
1137,5
1137,4
1137,3
1137,2
1137,1
1137,0
4294967278,309
4294967278,371
4294967279,292
1136,6
1136,5
1136,4
4294967278,185
1136,3
1136,2
1136,1
1136,0
4294967279,183
4294967279,255
4294967279,375
1135,5
1135,4
1135,3
1135,2
1135,1
1135,0
4294967278,404
4294967279,514
1134,6
1134,5
1134,4
1134,3
1134,2
1134,1
1134,0
4294967278,326
4294967279,545
4294967279,245
4294967279,570
1133,5
1133,4
1133,3
1133,2
1133,1
1133,0
4294967278,308
4294967279,518
4294967278,337
4294967279,338
4294967278,139
1132,8
1132,7
1132,6
1132,5
4294967279,140
1132,4
1132,3
1132,2
1132,1
1132,0
4294967278,431
4294967278,306
4294967279,133
4294967278,133
4294967278,273
4294967279,269
4294967278,269
4294967278,272
1131,7
4294967279,279
1131,6
4294967278,271
1131,5
4294967279,267
1131,4
4294967278,270
1131,3
1131,2
1131,1
1131,0
4294967279,266
4294967278,429
4294967294,89
4294967279,263
4294967278,305
4294967279,262
4294967278,265
4294967279,261
4294967278,264
4294967279,277
4294967278,262
4294967278,283
4294967279,258
4294967279,253
4294967278,277
1130,6
4294967279,257
1130,5
4294967278,282
1130,4
4294967279,254
1130,3
1130,2
1130,1
1130,0
4294967279,517
4294967278,258
4294967278,428
4294967278,50
4294967278,49
4294967278,48
4294967278,47
4294967278,46
4294967278,45
4294967278,44
4294967278,43
4294967278,42
4294967278,41
4294967278,40
4294967278,39
4294967278,38
4294967278,37
4294967278,36
4294967278,35
4294967278,34
4294967278,33
4294967278,32
4294967278,31
4294967278,30
4294967278,29
4294967278,28
4294967278,27
4294967278,26
4294967278,25
4294967278,24
4294967278,23
4294967278,22
4294967278,21
4294967278,20
4294967278,19
4294967278,18
4294967278,17
4294967278,16
4294967278,15
4294967278,14
4294967278,13
4294967278,12
4294967278,11
4294967278,10
4294967278,9
4294967278,8
4294967278,7
4294967278,6
4294967278,5
4294967279,131
4294967279,129
4294967279,128
4294967279,127
4294967279,126
4294967279,124
4294967279,123
4294967279,122
4294967279,121
4294967279,119
4294967279,118
4294967279,117
4294967279,116
4294967279,115
4294967279,114
4294967279,110
4294967279,108
4294967279,107
4294967279,106
4294967279,105
4294967279,125
4294967294,166
4294967294,413
4294967294,960
4294967294,158
4294967294,825
4294967278,4
4294967278,226
4294967279,132
4294967279,327
4294967278,324
4294967279,314
4294967294,414
4294967294,164
4294967294,899
4294967294,187
4294967294,188
4294967294,449
4294967294,404
4294967294,451
4294967294,391
4294967278,253
4294967278,406
4294967279,130
4294967279,249
4294967278,252
4294967279,559
4294967279,247
4294967278,250
4294967279,244
4294967279,246
1129,5
4294967278,249
1129,4
4294967279,312
1129,3
1129,2
1129,1
1129,0
4294967278,248
4294967278,304
4294967279,310
4294967278,421
4294967279,309
4294967278,313
4294967279,120
4294967279,284
4294967278,372
4294967278,367
4294967278,242
4294967278,323
1128,5
1128,4
1128,3
1128,2
1128,1
1128,0
4294967279,239
4294967279,512
4294967279,113
4294967279,104
4294967278,438
4294967279,112
4294967279,283
4294967278,303
4294967279,111
4294967278,235
4294967278,402
4294967279,109
4294967279,348
4294967278,232
4294967278,229
1127,5
1127,4
1127,3
1127,2
1127,1
1127,0
4294967279,221
4294967278,225
4294967279,103
4294967279,363
4294967278,335
4294967279,102
4294967278,234
4294967279,219
4294967278,217
4294967278,354
4294967279,516
4294967278,213
4294967279,210
4294967278,209
1126,5
4294967278,208
1126,4
0,7
1126,3
1126,2
1126,1
1126,0
4294967279,319
4294967278,207
4294967279,376
4294967278,199
4294967278,198
1125,5
1125,4
1125,3
1125,2
1125,1
1125,0
4294967278,228
4294967278,190
1124,5
1124,4
1124,3
1124,2
1124,1
1124,0
4294967279,317
4294967278,184
4294967278,183
1121,5
1123,4
1123,3
1123,2
1123,1
1123,0
4294967278,357
4294967279,177
1122,4
1122,3
1122,2
1122,1
1122,0
4294967278,363
1121,4
4294967278,173
1121,3
1121,2
1121,1
1121,0
4294967279,171
4294967294,468
4294967279,170
4294967279,169
1120,4
1120,3
1120,2
1120,1
1120,0
1119,4
4294967278,167
1119,3
1119,2
1119,1
1119,0
4294967278,365
1118,4
